46;89;47;89;48;89;49;89;62;89;63;89
0;72;1;72;2;72;3;72;4;72;14;72;15;72;16;72;17;72;18;72;48;89;49;89;50;89;61;89;62;89;63;89;64;89
0;72;1;72;2;72;3;72;4;72;14;72;15;72;16;72;17;72;18;72;37;80;38;80;40;80;41;80;42;80;43;80;44;80;45;80;49;89;50;89;51;89;61;89;62;89;63;89
2;72;3;72;4;72;14;72;15;72;16;72;38;80;39;80;40;80;45;80;46;80;50;89;51;89;52;89;60;89;61;89;62;89
2;72;3;72;4;72;14;72;15;72;16;72;21;65;22;65;23;65;24;65;25;65;28;80;29;80;31;80;32;80;33;80;34;80;35;80;36;80;39;80;40;80;45;80;46;80;51;89;52;89;53;89;59;89;60;89;61;89
2;72;3;72;4;72;14;72;15;72;16;72;20;65;21;65;22;65;23;65;24;65;25;65;26;65;29;80;30;80;31;80;36;80;37;80;39;80;40;80;45;80;46;80;52;89;53;89;54;89;58;89;59;89;60;89
2;72;3;72;4;72;14;72;15;72;16;72;19;65;20;65;26;65;27;65;30;80;31;80;36;80;37;80;39;80;40;80;45;80;46;80;53;89;54;89;55;89;57;89;58;89;59;89
2;72;3;72;4;72;14;72;15;72;16;72;19;65;20;65;26;65;27;65;30;80;31;80;36;80;37;80;39;80;40;80;41;80;42;80;43;80;44;80;45;80;54;89;55;89;56;89;57;89;58;89
2;72;3;72;4;72;5;72;6;72;7;72;8;72;9;72;10;72;11;72;12;72;13;72;14;72;15;72;16;72;19;65;20;65;26;65;27;65;30;80;31;80;36;80;37;80;39;80;40;80;54;89;55;89;56;89;57;89
2;72;3;72;4;72;5;72;6;72;7;72;8;72;9;72;10;72;11;72;12;72;13;72;14;72;15;72;16;72;19;65;20;65;26;65;27;65;30;80;31;80;32;80;33;80;34;80;35;80;36;80;39;80;40;80;53;89;54;89;55;89;56;89;60;45;61;45;62;45;63;45;64;45;65;45;66;45
2;72;3;72;4;72;5;72;6;72;7;72;8;72;9;72;10;72;11;72;12;72;13;72;14;72;15;72;16;72;19;65;20;65;21;65;22;65;23;65;24;65;25;65;26;65;27;65;30;80;31;80;39;80;40;80;52;89;53;89;54;89;55;89;60;45;61;45;62;45;63;45;64;45;65;45;66;45
2;72;3;72;4;72;14;72;15;72;16;72;19;65;20;65;21;65;22;65;23;65;24;65;25;65;26;65;27;65;30;80;31;80;39;80;40;80;51;89;52;89;53;89;54;89;60;45;61;45;62;45;63;45;64;45;65;45;66;45
2;72;3;72;4;72;14;72;15;72;16;72;19;65;20;65;26;65;27;65;30;80;31;80;39;80;40;80;50;89;51;89;52;89;53;89
2;72;3;72;4;72;14;72;15;72;16;72;19;65;20;65;26;65;27;65;30;80;31;80;39;80;40;80;49;89;50;89;51;89;52;89
2;72;3;72;4;72;14;72;15;72;16;72;19;65;20;65;26;65;27;65;30;80;31;80;39;80;40;80;47;89;48;89;49;89;50;89;51;89;52;89
2;72;3;72;4;72;14;72;15;72;16;72;19;65;20;65;26;65;27;65;30;80;31;80;39;80;40;80;46;89;47;89;48;89;49;89;50;89;51;89;52;89
2;72;3;72;4;72;14;72;15;72;16;72;30;80;31;80;39;80;40;80;45;89;46;89;47;89;48;89;49;89;50;89;51;89
0;72;1;72;2;72;3;72;4;72;14;72;15;72;16;72;17;72;18;72;30;80;31;80;39;80;40;80;44;89;45;89;46;89;47;89;48;89;49;89;50;89
0;72;1;72;2;72;3;72;4;72;14;72;15;72;16;72;17;72;18;72;30;80;31;80;39;80;40;80;43;89;44;89;45;89;46;89;47;89;48;89;49;89
44;89;45;89;46;89;47;89;48;89
0;66;1;66;2;66;3;66;4;66;5;66;6;66;7;66;8;66;9;66;10;66;11;66;12;66;45;89;46;89;47;89
0;66;1;66;2;66;3;66;4;66;5;66;6;66;7;66;8;66;9;66;10;66;11;66;12;66;13;66;46;89
1;66;2;66;3;66;4;66;12;66;13;66;14;66;19;73;20;73;56;89;57;89;58;89;72;89;73;89;74;89
2;66;3;66;13;66;14;66;19;73;20;73;36;68;37;68;38;68;39;68;40;68;41;68;42;68;43;68;44;68;45;68;46;68;47;68;48;68;56;89;57;89;58;89;59;89;71;89;72;89;73;89;74;89
2;66;3;66;13;66;14;66;36;68;37;68;38;68;39;68;40;68;41;68;42;68;43;68;44;68;45;68;46;68;47;68;48;68;49;68;58;89;59;89;72;89;73;89
2;66;3;66;13;66;14;66;18;73;19;73;20;73;23;82;24;82;25;82;27;82;28;82;29;82;30;82;39;68;40;68;41;68;48;68;49;68;50;68;57;65;59;89;60;89;71;89;72;89
2;66;3;66;13;66;14;66;19;73;20;73;24;82;25;82;26;82;27;82;30;82;31;82;39;68;40;68;41;68;48;68;49;68;50;68;56;65;57;65;58;65;60;89;61;89;70;89;71;89
2;66;3;66;12;66;13;66;14;66;19;73;20;73;25;82;26;82;27;82;39;68;40;68;41;68;48;68;49;68;50;68;55;65;56;65;57;65;58;65;59;65;61;89;62;89;69;89;70;89
2;66;3;66;4;66;10;66;11;66;12;66;13;66;19;73;20;73;25;82;26;82;39;68;40;68;41;68;48;68;49;68;50;68;54;65;55;65;56;65;57;65;58;65;59;65;60;65;62;89;63;89;68;89;69;89
2;66;3;66;4;66;5;66;6;66;7;66;8;66;9;66;10;66;11;66;12;66;19;73;20;73;25;82;26;82;39;68;40;68;41;68;48;68;49;68;50;68;53;65;54;65;60;65;61;65;63;89;64;89;67;89;68;89
2;66;3;66;4;66;5;66;6;66;7;66;8;66;9;66;10;66;19;73;20;73;25;82;26;82;39;68;40;68;41;68;48;68;49;68;50;68;53;65;54;65;60;65;61;65;64;89;65;89;66;89;67;89
2;66;3;66;4;66;5;66;6;66;7;66;8;66;9;66;10;66;11;66;12;66;19;73;20;73;25;82;26;82;39;68;40;68;41;68;48;68;49;68;50;68;53;65;54;65;55;65;56;65;57;65;58;65;59;65;60;65;61;65;65;89;66;89;67;89
2;66;3;66;4;66;10;66;11;66;12;66;13;66;18;73;19;73;20;73;21;73;24;82;25;82;26;82;27;82;39;68;40;68;41;68;48;68;49;68;50;68;53;65;54;65;55;65;56;65;57;65;58;65;59;65;60;65;61;65;65;89;66;89;67;89
2;66;3;66;12;66;13;66;14;66;28;72;29;72;30;72;39;68;40;68;41;68;48;68;49;68;50;68;53;65;54;65;60;65;61;65;65;89;66;89;67;89
2;66;3;66;13;66;14;66;15;66;20;84;21;84;27;72;28;72;29;72;30;72;39;68;40;68;41;68;48;68;49;68;50;68;53;65;54;65;60;65;61;65;65;89;66;89;67;89
2;66;3;66;13;66;14;66;15;66;20;84;21;84;27;72;28;72;39;68;40;68;41;68;48;68;49;68;50;68;53;65;54;65;60;65;61;65;65;89;66;89;67;89
2;66;3;66;14;66;15;66;16;66;18;84;19;84;20;84;21;84;22;84;23;84;27;72;28;72;39;68;40;68;41;68;48;68;49;68;50;68;53;65;54;65;60;65;61;65;65;89;66;89;67;89
2;66;3;66;14;66;15;66;16;66;20;84;21;84;27;72;28;72;39;68;40;68;41;68;48;68;49;68;50;68;65;89;66;89;67;89
2;66;3;66;14;66;15;66;16;66;20;84;21;84;27;72;28;72;29;72;30;72;31;72;32;72;33;72;34;72;37;68;38;68;39;68;40;68;41;68;42;68;43;68;44;68;45;68;46;68;47;68;48;68;49;68;65;89;66;89;67;89
2;66;3;66;13;66;14;66;15;66;20;84;21;84;27;72;28;72;34;72;35;72;37;68;38;68;39;68;40;68;41;68;42;68;43;68;44;68;45;68;46;68;47;68;48;68;64;89;65;89;66;89;67;89
1;66;2;66;3;66;4;66;12;66;13;66;14;66;15;66;20;84;21;84;27;72;28;72;34;72;35;72;63;89;64;89;65;89;66;89
0;66;1;66;2;66;3;66;4;66;5;66;6;66;7;66;8;66;9;66;10;66;11;66;12;66;13;66;14;66;20;84;21;84;24;84;25;84;27;72;28;72;34;72;35;72;40;89;41;89;42;89;43;89;44;89;45;89;46;89;47;89;48;89;49;89;50;89;51;89;52;89;53;89;54;89;55;89;56;89;57;89;58;89;59;89;60;89;61;89;62;89;63;89;64;89;65;89
0;66;1;66;2;66;3;66;4;66;5;66;6;66;7;66;8;66;9;66;10;66;11;66;12;66;13;66;21;84;22;84;23;84;24;84;27;72;28;72;34;72;35;72;40;89;41;89;42;89;43;89;44;89;45;89;46;89;47;89;48;89;49;89;50;89;51;89;52;89;53;89;54;89;55;89;56;89;57;89;58;89;59;89;60;89;61;89;62;89;63;89
26;72;27;72;28;72;29;72;33;72;34;72;35;72;36;72;40;89;41;89;42;89;43;89;44;89;45;89;46;89;47;89;48;89;49;89;50;89;51;89;52;89;53;89;54;89;55;89;56;89;57;89;58;89;59;89;60;89;61;89
