31;40;45;41
23;41;30;40;31;42;32;41;44;40;45;42;46;41;53;40
14;42;22;40;23;42;24;41;31;124;45;124;52;40;53;42;54;41
23;124;30;124;31;126;32;124;44;124;45;126;46;124;53;124;64;42
22;124;23;126;24;124;30;124;32;124;44;124;46;124;52;124;53;126;54;124
22;124;24;124;30;124;32;124;44;124;46;124;52;124;54;124
21;44;22;124;24;124;25;97;26;64;27;64;28;64;29;64;30;124;32;124;33;64;34;64;35;64;36;64;37;64;38;64;39;64;40;64;41;64;42;64;43;64;44;124;46;124;47;64;48;64;49;64;50;64;51;97;52;124;54;124;55;46
16;46;17;44;18;97;19;64;20;64;21;64;22;124;24;124;25;64;26;64;27;64;28;64;29;64;30;124;32;124;33;64;34;64;35;64;36;64;37;64;38;64;39;64;40;64;41;64;42;64;43;64;44;124;46;124;47;64;48;64;49;64;50;64;51;64;52;124;54;124;55;64;56;64;57;64;58;64;59;97;60;44;61;46
14;44;15;97;16;64;17;64;18;64;19;64;20;64;21;64;22;124;24;124;25;64;26;64;27;64;28;64;29;64;30;64;31;64;32;64;33;64;34;64;35;64;36;64;37;46;38;64;39;64;40;64;41;64;42;64;43;64;44;64;45;64;46;64;47;64;48;64;49;64;50;64;51;64;52;124;54;124;55;64;56;64;57;64;58;64;59;64;60;64;61;64;62;97;63;44
13;97;14;64;15;64;16;64;17;64;18;64;19;64;20;64;21;64;22;64;23;64;24;64;25;64;26;64;27;64;28;64;29;64;30;64;31;64;32;64;33;64;34;64;35;39;37;46;39;96;40;64;41;64;42;64;43;64;44;64;45;64;46;64;47;64;48;64;49;64;50;64;51;64;52;64;53;64;54;64;55;64;56;64;57;64;58;64;59;64;60;64;61;64;62;64;63;64;64;97
13;59;14;96;15;64;16;64;17;64;18;64;19;64;20;64;21;64;22;64;23;64;24;64;25;64;26;64;27;64;28;64;29;64;30;64;31;64;32;64;33;39;37;46;41;96;42;64;43;64;44;64;45;64;46;64;47;64;48;64;49;64;50;64;51;64;52;64;53;64;54;64;55;64;56;64;57;64;58;64;59;64;60;64;61;64;62;64;63;39;64;59
13;59;14;64;15;64;16;64;17;96;18;64;19;64;20;64;21;64;22;64;23;64;24;64;25;64;26;64;27;64;28;64;29;64;30;64;31;39;37;46;43;96;44;64;45;64;46;64;47;64;48;64;49;64;50;64;51;64;52;64;53;64;54;64;55;64;56;64;57;64;58;64;59;64;60;39;61;64;62;64;63;64;64;59
13;59;14;64;15;64;16;64;17;59;18;44;19;46;20;97;21;97;22;97;23;97;24;97;25;97;26;97;27;97;28;97;29;97;37;46;45;97;46;97;47;97;48;97;49;97;50;44;51;44;52;97;53;97;54;97;55;97;56;97;57;97;58;97;59;44;60;59;61;64;62;64;63;64;64;59
13;59;14;59;15;64;16;59;17;59;18;59;19;59;20;64;21;64;22;64;23;64;24;64;25;64;26;64;27;64;28;59;29;64;36;64;37;46;38;64;45;59;46;64;47;64;48;64;49;59;50;59;51;59;52;64;53;64;54;64;55;64;56;64;57;64;58;59;59;59;60;59;61;59;62;64;63;64;64;59
13;59;14;59;15;59;16;59;17;59;18;59;19;59;20;64;21;64;22;64;23;64;24;59;25;64;26;64;27;59;28;59;29;64;34;64;35;64;37;46;39;64;40;64;45;59;46;59;47;64;48;59;49;59;50;59;51;59;52;64;53;64;54;59;55;64;56;64;57;64;58;59;59;59;60;59;61;59;62;59;63;59;64;59
13;59;14;59;15;59;16;59;17;59;18;59;19;59;20;59;21;64;22;64;23;59;24;59;25;59;26;59;27;59;28;59;29;59;32;64;33;64;37;46;41;64;42;64;45;59;46;59;47;59;48;59;49;59;50;59;51;59;52;59;53;59;54;59;55;59;56;64;57;64;58;59;59;59;60;59;61;59;62;64;63;59;64;59
13;59;14;59;15;59;16;59;17;59;18;59;19;59;20;59;21;59;22;59;23;59;24;59;25;59;26;59;27;59;28;59;29;59;30;64;31;64;37;46;43;64;44;64;45;59;46;59;47;59;48;59;49;59;50;59;51;59;52;59;53;59;54;59;55;59;56;59;57;59;58;59;59;59;60;59;61;64;62;64;63;64;64;59
9;44;10;37;11;37;12;37;13;59;14;59;15;59;16;59;17;59;18;59;19;59;20;59;21;64;22;59;23;59;24;59;25;59;26;59;27;59;28;59;29;59;37;46;45;59;46;59;47;59;48;59;49;59;50;59;51;59;52;59;53;59;54;59;55;59;56;59;57;59;58;59;59;59;60;59;61;64;62;64;63;59;64;59;65;37;66;37;67;37;68;44
6;46;7;37;8;37;9;37;10;37;11;37;12;37;13;59;14;59;15;59;16;59;17;59;18;59;19;59;20;64;21;64;22;59;23;59;24;59;25;59;26;59;27;59;28;59;29;59;35;44;36;37;37;37;38;37;39;44;45;59;46;59;47;59;48;59;49;59;50;59;51;59;52;59;53;59;54;59;55;59;56;59;57;59;58;59;59;59;60;59;61;59;62;59;63;59;64;59;65;37;66;37;67;37;68;37;69;37;70;37;71;44
5;46;6;37;7;37;8;37;9;37;10;37;11;37;12;37;13;59;14;59;15;59;16;59;17;59;18;59;19;59;20;64;21;64;22;59;23;59;24;59;25;59;26;59;27;59;28;59;29;59;33;44;34;37;35;37;36;37;37;37;38;37;39;37;40;37;41;44;45;59;46;59;47;59;48;59;49;59;50;59;51;59;52;59;53;59;54;59;55;59;56;59;57;59;58;59;59;59;60;59;61;59;62;59;63;59;64;59;65;37;66;37;67;37;68;37;69;37;70;37;71;37;72;44
5;37;6;37;7;37;8;37;9;37;10;37;11;37;12;37;13;96;14;59;15;59;16;59;17;59;18;59;19;59;20;59;21;59;22;59;23;59;24;59;25;59;26;59;27;59;28;59;29;59;32;37;33;37;34;37;35;37;36;37;37;37;38;37;39;37;40;37;41;37;42;37;45;59;46;59;47;59;48;59;49;59;50;59;51;59;52;59;53;59;54;59;55;59;56;59;57;59;58;59;59;59;60;59;61;59;62;59;63;59;64;39;65;37;66;37;67;37;68;37;69;37;70;37;71;37;72;37
5;37;6;37;7;37;8;37;9;37;10;37;11;37;12;37;13;37;14;37;15;37;16;37;17;96;18;59;19;59;20;59;21;59;22;59;23;59;24;59;25;59;26;59;27;59;28;59;29;59;30;44;31;37;32;37;33;37;34;37;35;37;36;37;37;37;38;37;39;37;40;37;41;37;42;37;43;37;44;44;45;59;46;59;47;59;48;59;49;59;50;59;51;59;52;59;53;59;54;59;55;59;56;59;57;59;58;59;59;59;60;39;61;37;62;37;63;37;64;37;65;37;66;37;67;37;68;37;69;37;70;37;71;37;72;37
5;96;6;37;7;37;8;37;9;37;10;37;11;37;12;37;13;37;14;37;15;37;16;37;17;37;18;37;19;37;20;37;21;37;22;37;23;44;24;44;25;44;26;44;27;44;28;44;29;44;30;37;31;37;32;37;33;37;34;37;35;37;36;37;37;37;38;37;39;37;40;37;41;37;42;37;43;37;44;37;45;44;46;44;47;44;48;44;49;44;50;44;51;44;52;37;53;37;54;37;55;37;56;37;57;37;58;37;59;37;60;37;61;37;62;37;63;37;64;37;65;37;66;37;67;37;68;37;69;37;70;37;71;37;72;39
7;96;8;37;9;37;10;37;11;37;12;37;13;37;14;37;15;37;16;37;17;37;18;37;19;37;20;37;21;37;22;37;23;37;24;37;25;37;26;37;27;37;28;37;29;37;30;37;31;37;32;37;33;37;34;37;35;37;36;37;37;37;38;37;39;37;40;37;41;37;42;37;43;37;44;37;45;37;46;37;47;37;48;37;49;37;50;37;51;37;52;37;53;37;54;37;55;37;56;37;57;37;58;37;59;37;60;37;61;37;62;37;63;37;64;37;65;37;66;37;67;37;68;37;69;37;70;39
11;96;12;37;13;37;14;37;15;37;16;37;17;37;18;37;19;37;20;37;21;37;22;37;23;37;24;37;25;37;26;37;27;37;28;37;29;37;30;37;31;37;32;37;33;37;34;37;35;37;36;37;37;37;38;37;39;37;40;37;41;37;42;37;43;37;44;37;45;37;46;37;47;37;48;37;49;37;50;37;51;37;52;37;53;37;54;37;55;37;56;37;57;37;58;37;59;37;60;37;61;37;62;37;63;37;64;37;65;37;66;39
18;34;19;34;20;34;21;34;22;34;23;34;24;34;25;34;26;34;27;34;28;34;29;34;30;34;31;34;32;96;33;44;34;44;35;44;36;44;37;44;38;44;39;44;40;44;41;44;42;39;43;34;44;34;45;34;46;34;47;34;48;34;49;34;50;34;51;34;52;34;53;34;54;34;55;34;56;34;57;34;58;34;59;34
33;96;34;37;35;37;36;37;37;37;38;37;39;37;40;37;41;39
34;96;35;37;36;37;37;37;38;37;39;37;40;39
36;37;37;37;38;37
35;37;36;37;37;37;38;37;39;37
32;46;33;44;34;37;35;37;36;37;37;37;38;37;39;37;40;37;41;44;42;46
27;44;28;37;29;37;30;37;31;37;32;37;33;37;34;37;35;37;36;37;37;37;38;37;39;37;40;37;41;37;42;37;43;37;44;37;45;37;46;37;47;44
